28,1
28,3
3,1
3,3
10,312
10,14
10,130
10,70
10,216
10,156
10,98
10,168
11,22
11,28
8,7
8,11
8,15
52,4
52,3
52,1
21,3
21,2
21,1
21,0
20,3
20,2
20,1
19,3
19,2
19,1
12,3
12,2
12,1
11,26
11,24
11,21
11,20
11,19
11,18
11,17
11,15
11,12
11,11
11,9
11,8
11,7
11,6
11,4
11,3
11,2
11,1
10,278
10,272
10,243
10,239
10,238
10,226
10,220
10,214
10,213
10,211
10,208
10,204
10,194
10,170
10,158
10,153
10,142
10,127
10,116
10,85
10,80
10,8
10,3
10,2
10,1
9,7
9,6
9,5
9,4
9,3
9,2
9,1
18,1
8,18
18,3
8,17
8,16
8,14
8,13
8,12
8,10
8,9
8,8
14,1
8,6
14,3
8,5
8,4
13,1
8,3
13,3
8,2
8,1
7,13
7,12
7,11
